-0.00884916
-0.00244622
-0.000787724
0.00204829
-0.00227256
0.00905963
0.0112935
-0.0111132
-0.0256608
0.00124117
0.00203143
0.00294234
0.00372463
0.00233779
0.00947645
0.0020148
-0.0123323
-0.0176449
0.00944396
-0.00824748
-0.00466594
0.000850333
0.00314288
0.0161144
0.0231273
0.00386512
0.00383063
0.0107647
-0.00280491
-0.00386218
0.00164608
0.00257591
0.0203373
0.0318967
0.00520369
-0.00789278
0.00346554
0.000752526
0.00335998
0.00520158
0.000547356
0.00672779
0.00294928
-0.0139445
-0.010498
-0.00306722
0.00386724
0.00614891
-0.00224914
-0.00517067
-0.00266492
-0.00762377
-0.0178999
-0.0109555
0.00853572
-0.0054935
-0.00176294
0.00425555
-0.000404073
0.0167964
0.032564
0.0144891
-0.000431063
-0.0012989
-0.00139444
-0.00136052
-0.000379901
-0.00801898
0.00352219
0.0168547
0.0103725
-0.000605203
-0.00531847
0.004939
0.00510636
-0.00993839
-0.00397563
-0.00477898
-0.00181129
-0.012023
-0.0244416
-0.00409749
-0.000943658
0.00336932
-0.00569648
-0.0055732
-0.00478985
-0.00999264
-0.0128478
-0.025156
0.0145903
0.00481231
0.00203402
-0.000835506
-0.0113205
-0.0072482
0.0110324
0.0157891
0.010726
0.0221627
-0.00297772
-0.00334763
-0.00721437
-0.0104973
-0.00879978
0.00352531
0.0210599
0.0109081
0.000919933
0.000647976
0.00743379
-0.00338996
0.00155404
-0.00239303
-0.00675131
-0.01266
-0.0222805
-0.00531967
0.00348351
0.00696456
-0.00353904
-0.00149757
-0.00113554
-0.0041931
-0.0127749
-0.0195866
0.0207174
1.11393e-05
-0.00362832
-0.00624581
-0.00535675
-0.00464479
0.015283
0.0161061
0.0118355
0.0122817
-0.0117514
-0.00375497
-0.00699521
-0.00342376
0.00023614
0.0242918
0.0127577
0.00585403
-0.00456414
0.000689427
0.00587557
-0.00133
-0.00296298
0.00316608
-0.000762551
-0.0158607
-0.00922375
-0.00102592
0.00631591
0.0010832
0.00115525
0.00167582
0.00612935
-0.000204417
-0.00734427
-0.00522399
0.00885405
-0.0118507
-0.00261889
-0.00397741
-0.00421817
0.00922387
0.0109492
0.00961628
0.0107296
0.0104799
-0.000882169
-0.00257351
-0.000153174
0.0019543
0.0015214
0.00930195
0.010555
0.014531
-0.000923781
0.00794968
-0.00257129
-0.00227924
0.0133023
-0.0014073
-0.0062164
-0.0061295
-3.20775e-05
-0.00131954
0.000570831
-0.00696602
-0.00486253
0.00650553
-0.00406858
-0.0045566
-0.000957048
-0.0131461
0.0091913
0.00326584
0.000528441
0.0012005
-0.00155134
-0.00799746
0.0106692
0.00575147
0.0214881
0.0198998
0.00735719
0.00890635
0.00305691
-0.00185892
-0.00446673
0.000125284
0.0069769
0.0151665
-0.0100009
-0.00698894
-0.00464522
-0.00407188
-0.00171642
-0.000105629
0.00422848
-0.0088881
-0.0262831
-0.00812533
-0.00581712
-0.00459128
0.00644422
0.00266228
0.0128745
0.0147154
0.00248913
-0.0234258
0.00796178
0.00704069
0.0042828
-0.00269169
-0.00150324
0.00163102
0.0200224
0.0105282
0.00388568
-0.0080968
-0.00821442
-0.00403891
0.00211647
0.0101946
0.0156358
0.0384567
0.013815
-0.00901323
0.00218671
-0.00156153
-0.000547365
0.0107692
0.00438397
0.0106086
0.00736794
-0.000575684
-0.0105309
-0.00836829
-0.00623896
0.00201464
-0.000892999
0.0011185
-0.00863228
-0.0119497
-0.0157748
-0.0140567
-1.25242e-05
-0.0113076
-0.00462202
0.00174199
0.006379
0.0112822
0.0371919
0.0142967
0.00756419
0.012915
-0.00291345
-0.00452783
-0.00240646
-0.00021058
-0.00431306
0.0159424
0.00611531
0.0134517
-0.00557671
-0.00430006
0.00497949
-0.00546409
-0.000375211
-0.00852904
-0.00978798
-0.0106194
-0.0184203
0.000680926
-0.00291567
-0.00254165
0.00293963
0.00954533
0.00137665
-0.0163734
-0.00599151
-0.00946421
0.0137959
0.00473456
0.00635378
0.000789483
0.00663423
0.00935966
0.0175175
0.0119654
0.0188559
0.00927084
-0.00035245
0.000773812
0.00402017
0.0139722
0.0141467
0.0208113
0.016298
0.0162497
-0.00586902
-0.00228247
-0.00590007
0.00449583
0.0114302
0.00234058
-0.0197259
-0.0106866
-0.00472168
-0.0181589
-0.00401421
-0.00294357
0.00711143
0.00977021
0.00400168
-0.00298558
-0.0190043
-0.0219664
0.0149868
0.00393307
-0.00371485
0.00683745
0.0149535
0.0109354
0.0156171
0.01402
0.022442
0.0143903
0.00387768
-0.00289634
0.00623127
0.0150532
0.00626275
0.0124718
0.00406321
0.00827244
-0.0160439
0.00188083
0.00904339
0.0129153
0.0155553
0.00546793
-0.000610974
-0.0147551
-0.0236314
-0.0119712
-0.0077858
0.000466301
0.00841293
0.013577
0.00226993
-0.014057
-0.0174866
-0.0151407
0.0205442
0.00772038
0.0112565
0.0105428
0.0147148
0.0143597
0.00798289
0.00051476
0.0106305
0.0200994
-0.00151135
0.0114334
0.0113219
0.0124818
0.0086631
0.00817534
0.000982344
0.0163449
-8.00063e-05
-0.00578706
0.00235541
0.00591379
0.0135307
0.00117979
-0.00758088
-0.0100083
-0.00547095
-0.00463672
-0.0126792
0.00787136
0.00945189
0.0126314
-0.00851704
-0.0111543
-0.017824
-0.0106094
0.0117205
-0.00891548
0.00886127
0.0058771
0.0144857
0.00949291
0.0127949
0.00918465
0.019593
0.00820728
-0.0125371
0.00589413
0.00174733
0.0199629
0.00604452
0.011892
0.00984491
0.0170982
-0.0146135
-0.00785415
0.00919742
0.0114199
0.0134349
-0.0013647
-0.0135451
-0.0201633
-0.0227227
-0.00685251
-0.00197246
0.00700382
0.0100822
0.0155426
0.00908026
-0.00612268
-0.00636931
-0.0156936
0.00619343
-0.00195669
0.00324034
0.00612129
0.0200374
0.00799436
0.0101636
0.00149454
0.0065137
0.0107192
0.0109032
0.0152707
0.0168815
0.0215461
0.00944704
0.00631216
0.00913575
0.00717752
-0.00199269
-0.000305057
0.00220246
0.00121239
0.0118455
0.00605399
-0.00908466
-0.0098473
-0.0116545
-0.00363907
-0.0011668
0.00647344
0.00610198
0.0131019
-0.000541559
-0.00304041
-0.0210893
-0.0262094
0.0102198
0.0103952
0.0159024
0.0132491
0.022304
0.0145878
0.00461412
0.0115231
0.00787608
0.00456436
0.00251497
0.0118322
0.012473
0.0220798
0.00891301
-0.00073876
0.00463912
-0.000886088
-0.00515688
0.00742917
0.0180967
0.0173712
0.0166514
-0.00115197
-0.00532594
-0.0246105
-0.0159334
-0.00601157
0.00773135
0.0205033
0.0205816
0.0178694
0.00496726
-0.00439959
-0.0154071
-0.0104593
-0.00277825
0.007265
0.0154712
0.0190949
0.0230999
0.0110087
-0.00254695
0.000874032
-0.0112755
-0.00736647
-0.00308369
0.00653516
0.00761736
0.0265326
0.0120606
0.000891633
-0.0111003
-0.00575404
-0.0185389
-0.0156237
-0.0162282
-0.0100695
-0.00924181
-0.00819956
0.0106456
0.00851244
0.00214203
-0.0141667
-0.0224105
-0.0194113
-0.0130083
-0.00774658
-0.00266216
0.0215673
0.0137463
-0.00483728
0.00800979
-0.0193675
-0.0308023
-0.0209585
-0.0187378
-0.00803457
0.0073957
0.0256362
0.0331262
-0.00314761
-0.0240728
-0.0252331
-0.0201117
-0.0181559
-0.00448399
0.0211954
0.0281705
0.0239582
-0.0145311
-0.0240009
-0.0163492
-0.012474
-0.0152513
-0.00247139
0.0324489
0.0134419
-0.0159494
-0.0190146
-0.0184707
-0.0169489
-0.0123657
-0.0185983
-0.0100606
0.0180218
0.00917465
-0.00719717
-0.000368794
-0.018454
-0.0213774
-0.0178167
-0.0253975
-0.000899457
0.0298758
0.0357041
0.0246884
0.0028028
-0.0129682
-0.0250925
-0.0208758
-0.0228886
-0.00124904
0.0285633
0.0229882
0.0230624
-0.00800488
-0.0145447
-0.0166023
-0.0115888
-0.0164522
-0.0141065
-0.00291858
0.011805
0.00814852
-0.00391999
-0.0191089
-0.0194131
-0.0137447
-0.0141571
-0.0147478
-0.0027603
0.0120861
0.00508731
0.00539015
-0.0211556
-0.0263643
-0.0178387
-0.0154168
9.70424e-05
0.0179745
0.0241027
0.0263413
0.00969253
-0.00896905
-0.0191981
-0.0168741
-0.0142952
-0.000147578
0.00857284
0.0138444
0.0145667
-0.00692532
-0.0171172
-0.0154099
-0.0140445
-0.0151148
-0.0112474
0.0057522
0.00920921
0.0109765
-0.011208
-0.0182969
-0.0146357
-0.0149869
-0.0190619
-0.00921811
0.00626521
0.00387037
0.0109874
0.00847907
-0.0107787
-0.0170829
-0.0203241
-0.0166667
-0.00513561
0.0123741
0.0161961
0.0165392
0.00614328
-0.0115145
-0.0124707
-0.0201889
-0.0165961
0.00198751
0.0142841
0.0115119
0.0172519
-0.0120091
-0.0233511
-0.0167814
-0.0138522
-0.0141087
-0.00691914
-0.00354978
9.20709e-05
0.00879993
-0.0115573
-0.0265121
-0.0207028
-0.016237
-0.0144416
-0.0126454
-0.00157929
0.00488239
0.0123368
0.00453158
-0.00975744
-0.00721485
-0.00818463
-0.0104766
0.000314277
0.0136335
0.0189317
0.0177528
0.00649255
-0.0140876
-0.0125319
-0.00705661
-0.00285119
-0.0026136
0.0234139
0.0236858
0.0204229
-0.0121975
-0.0250975
-0.0172215
-0.0125022
-0.0191549
-0.0183811
-0.00584403
0.00866807
0.0220957
-0.00898307
-0.0240045
-0.0150476
-0.0101563
-0.0218436
-0.0253478
-0.00936559
0.0126489
0.0173977
0.00162207
-0.0229586
-0.0186202
-0.00786441
-0.00675913
-0.00100064
0.0312021
0.0361817
0.0301204
-0.00324635
-0.032404
-0.0194813
-0.0100426
-0.0164436
-0.00397492
0.0183646
0.0339699
0.0238565
-0.0216391
-0.0231922
-0.0184638
-0.0139802
-0.018374
-0.0182683
-0.00308792
0.0110821
0.00703072
-0.0287727
-0.0321489
-0.0176055
-0.0127287
-0.00866889
0.000411314
0.0208555
0.00814183
-0.00540427
-0.00259144
-0.0298682
-0.0182724
-0.0049655
-0.0123631
-0.00100109
0.0217584
0.0355815
0.0265081
-0.0024448
-0.0166251
-0.00659071
0.00192056
-0.00242194
0.0124812
0.0367077
0.0351335
0.0201268
-0.0294668
-0.0300438
-0.0182677
-0.00994002
-0.0093033
8.28466e-05
0.0278385
0.0142874
-0.00987769
-0.0210795
-0.0258835
-0.0225148
-0.0163343
-0.0148557
-0.00908501
0.00982361
0.0169371
0.00167881
-0.00388962
-0.0144279
-0.0132591
-0.00180436
-0.0066208
0.00806839
0.0354291
0.0361365
0.0156225
0.00473403
-0.0139996
-0.0217543
-0.00861581
-0.00908842
0.00264214
0.027503
0.0317758
0.013178
-0.022906
-0.0202389
-0.0165562
-0.0120201
-0.00727044
-0.00249605
-0.00171235
0.00916788
0.0094202
-0.0235688
-0.0269734
-0.0178118
-0.0128975
-0.0117414
-0.00361116
-0.00153219
0.00552498
0.00561571
0.0100634
-0.00254074
-0.016358
-0.00689112
-0.0044179
0.00547086
0.0184062
0.0400864
0.0242758
0.0063128
-0.00410427
-0.0130461
-0.00198574
-0.0085245
0.00043071
0.0135495
0.0316583
0.0287476
-0.0176518
-0.0195416
-0.0145256
-0.0123635
-0.0130701
-0.00568086
0.000421074
0.00459127
-0.00162521
-0.0193363
-0.0229107
-0.0164083
-0.0141076
-0.009644
-0.00804548
-0.000462176
0.0010835
-0.0123521
0.0116809
-0.00688339
-0.0115597
-0.00095196
0.00168327
0.00269311
0.0238655
0.0341537
0.0336322
0.00410924
-0.0134337
-0.0039878
-0.00186802
0.00430003
0.015981
0.0320994
0.0330458
0.0208917
-0.0204389
-0.0183853
-0.00998317
-0.00903143
-0.00740256
-0.00386784
-0.00533904
-0.0050851
-0.00953271
-0.0240654
-0.0238433
-0.01113
-0.00834791
-0.0122025
-0.000603685
-0.00495225
-0.00347788
-0.00379264
0.00354909
-0.00320968
0.0131708
0.00311623
0.000928792
0.0229996
0.0298539
0.029756
0.0163652
0.00618498
0.00412087
0.0158315
0.00743188
-0.00123291
0.0142932
0.0144832
0.02604
0.0150315
-0.0230384
-0.0252474
-0.0106827
-0.00641094
-0.00593572
-0.00140056
0.00493381
0.000793287
-0.00221775
-0.0247606
-0.0225279
-0.0145599
-0.00997077
-0.00864333
-0.00679116
-0.000301048
-0.014558
-0.020442
0.0157304
0.0107372
0.0122063
0.00771051
0.0078546
0.0127085
0.0218882
0.0310242
0.00857988
0.0162557
0.00898093
0.00374455
-0.00167
-0.00111942
0.00216747
0.0216097
0.0233812
0.00786629
-0.0204934
-0.0200297
-0.0155274
-0.011227
-0.00661306
-0.00246926
0.0118799
-0.0135962
-0.0242472
-0.0116858
-0.0151834
-0.0110477
-0.00797131
-0.00589494
0.000453437
0.00172002
-0.00946318
-0.0158375
0.0185393
-0.000763124
-0.00511007
-0.00885127
-0.00144687
0.0128634
0.0400326
0.0250552
0.0146879
0.00622719
-0.00274808
-0.00565666
-0.00821607
-0.00275704
0.0225547
0.0447018
0.0311145
0.0142524
-0.0135554
-0.0147671
-0.00503942
-0.00598186
-0.00910404
-0.00164674
-0.0073261
-0.00509375
-0.00939927
-0.0129763
-0.0166965
-0.00937185
-0.010082
-0.0137796
-0.00760532
-0.0175153
-0.0153357
-0.0130878
0.00840349
-0.000996093
-0.00290657
-0.00269585
-0.00233359
0.0174486
0.0311823
0.0252064
0.0262886
0.00529947
0.00092925
-0.00385586
-0.00533291
-0.00179981
0.00822506
0.0255468
0.0264711
0.0190121
-0.0123915
-0.0160021
-0.00732964
-0.00920101
-0.0100782
0.00172474
-0.00557069
-0.00494302
-0.0100925
-0.0218491
-0.0227859
-0.0179983
-0.0138266
-0.00299858
-0.00445424
-0.0122922
-0.0143624
-0.0116712
0.0124193
-0.00287375
-0.0042595
-0.00372585
-0.00371637
0.0167078
0.0201885
0.0241653
0.0317072
0.00884295
-0.0142859
-0.0157614
-0.00524293
-0.000228653
0.000398578
0.0106741
0.0240357
0.0267436
0.0111653
-0.0205729
-0.0269974
-0.0213203
-0.0232869
-0.0171727
-0.00363827
0.0171713
0.0370904
0.00247236
-0.0239158
-0.0201802
-0.0165895
-0.0216015
-0.00881208
0.00370901
0.0236484
0.028215
0.0142107
-0.0140537
-0.0166984
-0.0161368
-0.0161694
-0.00497586
0.00979549
0.0132946
0.0313281
0.00941987
-0.0103252
-0.0107907
-0.00919672
-0.0139007
0.000321012
0.00646552
0.0148668
0.0187122
-0.00557262
-0.0158085
-0.0138019
-0.0151046
-0.0249904
-0.00358454
0.0188494
0.0285458
0.0284409
-0.00886807
-0.0242483
-0.0267174
-0.0195002
-0.0271201
-0.00178578
0.0150162
0.0294526
0.0222892
0.01186
-0.0144537
-0.0122167
-0.00686015
-0.0148191
-0.00270055
0.0121189
0.023078
0.0154181
0.00497688
-0.0166065
-0.0186827
-0.00296811
-0.0170097
-0.00456182
0.00592641
0.0299545
0.0116797
-0.0012734
-0.0199094
-0.0187933
-0.0146334
-0.0113848
0.000330012
0.0103965
0.0212868
0.0268829
0.00366629
-0.00290321
-0.00725733
-0.0130933
-0.0133978
-0.00613134
0.00514143
0.0158492
0.0126765
0.00170608
-0.0164841
-0.0135069
-0.00205981
-0.00277243
-0.000541145
-0.000218013
0.0253722
0.0278799
0.0102484
-0.00599419
-0.00263036
-0.00554445
-0.00419203
-0.00756069
-0.00372927
0.0148056
0.0124946
0.000493215
-0.00769618
-0.0109856
-0.0139664
-0.0173016
-0.0111702
0.00801199
0.01179
0.0153333
-0.000880181
-0.0113747
-0.011018
-0.0116671
-0.013455
0.000150745
0.0119409
0.0212314
0.011421
0.00254562
-0.00545009
-0.00750242
-0.00465799
-0.00421749
-0.00411243
0.00216115
0.0115167
0.00719432
0.00277672
-0.0118135
-0.0148932
-0.00725745
-0.00159769
0.0096127
0.0150551
0.0174298
0.012407
-0.00412342
-0.00226742
-0.000628872
-0.00217914
-0.00528425
0.00376302
0.015801
0.0227743
0.00831682
-0.00222138
-0.00509507
-0.00834328
-0.00723743
-0.00253035
0.00355731
0.0196627
0.0214957
0.0118299
-0.000299475
-0.012954
-0.014175
-0.0044008
-0.0056775
0.00987952
0.0149199
0.0268801
0.013623
0.00265885
-0.00680052
-0.0123532
-0.013158
-0.0146306
0.00853072
0.0281922
0.0308066
0.00400531
-0.00160321
-0.0178522
-0.0157122
-0.0117151
-0.00222977
0.00331341
0.0245809
0.0301049
0.0167059
-0.00219263
-0.0240715
-0.0154717
-0.0107451
-0.00507764
0.00534378
0.0212329
0.0237029
0.0119189
-0.00106489
-0.0043486
-0.00836172
-0.0167802
-0.0119531
0.00704878
0.0317375
0.0320167
0.0166792
-0.0104075
-0.00817013
-0.00576794
-0.012624
-0.00345548
0.0163934
0.0274948
0.0177379
0.00781914
-0.00488627
-0.0230296
-0.0101312
-0.00483707
-0.00644711
0.00765102
0.0232274
0.024202
0.0129233
-0.0113877
-0.0108023
-0.00565982
-0.00186801
-0.00307422
0.00989525
0.0326463
0.0263855
0.0119934
-0.00625183
-0.00968907
-0.00892518
-0.0101605
-0.00271789
0.0137642
0.0220278
0.0129503
0.00338423
-0.00708211
-0.00427787
-0.00537708
-0.0054424
0.00203556
0.0113647
0.0314158
0.0181354
0.0079817
-0.0178057
-0.0160917
-0.0149728
-0.00232858
-0.00172483
0.0107486
0.0291562
0.0230178
0.00774177
-0.0047105
-0.00837422
-0.0161528
-0.00102518
-0.00436055
0.0126246
0.0194222
0.0239115
0.00650481
-0.0123342
-0.00785794
-0.00626923
-0.00227168
0.00755577
0.0161248
0.0277735
0.0200015
0.00650181
-0.00279436
-0.00525993
-0.00840045
-0.000282355
0.00763124
0.0261822
0.0150516
0.0137331
0.0066373
-0.00306528
-0.0063236
-0.0138468
-0.0018253
-0.0032897
0.00982118
0.0113002
0.0311411
0.012992
-0.00524067
-0.0108758
-0.0125434
-0.0012504
-0.00879357
-0.00200132
0.0153758
0.0277931
0.0165669
-0.00255845
-0.00274435
-0.00713398
-0.000544502
0.00229943
0.0160676
0.0109791
0.0131846
0.00800751
-0.0108297
-0.00270053
-0.000697131
0.00357094
-0.00146151
0.0110012
0.0155557
0.013005
0.000649563
-0.00747549
-0.012882
-0.00481773
-0.00129005
-0.00280847
-0.00360541
0.0190936
0.029365
0.0174678
-0.0136412
-0.0188239
-0.00794145
-0.00352141
0.000313374
0.00643807
0.0256005
0.0364473
0.0155367
-0.0145831
-0.0141872
0.00398374
0.000766725
0.00108987
0.00751277
0.0183481
0.0197518
-0.00159846
-0.010105
-0.00809874
0.00672232
-0.00293129
0.00293737
0.00780074
0.0219381
0.0226815
0.00366851
-0.0103659
-0.0112478
0.000487224
-0.00714476
-0.00352671
-0.000279222
0.025395
0.0312685
0.0264308
-0.00354379
-0.00156681
0.00386377
-0.00136118
-0.00518789
-0.00279458
0.0110306
0.0216993
0.0170399
-0.0185897
-0.00539216
-0.00332661
-0.00481468
0.00028794
0.00824146
0.0257141
0.0194958
0.00342404
-0.0162424
-0.00187375
-0.0055844
-0.00607354
0.000464223
0.00481243
0.0288092
0.0243698
-0.00728113
0.00304772
0.00391296
0.00149605
0.00189827
-0.000599911
-0.000537266
0.0103228
0.0144662
0.0111551
0.000771029
-0.00506675
-0.00600277
-0.00589185
-0.00125105
-0.000794081
0.0124772
0.0134097
0.00281389
-0.0128905
0.00321443
0.00870386
0.00427292
0.00111536
0.00181237
0.0178771
0.0258717
-0.00363067
-0.00082126
-0.00862143
0.00195652
0.0014852
0.00542958
0.0124764
0.0215371
0.0205492
-0.000461881
-0.00424666
-0.0177188
-0.0132707
-0.011553
-0.00770922
0.0011032
0.0195516
0.0165208
0.0059239
-0.0131878
-0.0191981
-0.0114319
-0.0137551
-0.00718788
0.0060265
0.027929
0.023876
0.00960606
-0.00580195
-0.00317338
-0.000660443
-0.000331147
0.00138083
0.0134081
0.0250938
0.0283441
0.00751083
-0.00454711
-0.00819125
0.00598163
0.00182652
0.000532069
0.0130089
0.0354052
0.019779
0.00299323
-0.011181
-0.0120392
-0.00602674
-0.0135612
-0.00782728
0.00285284
0.0153136
0.027436
0.0172021
-0.0164004
-0.0134385
-0.00711141
-0.0102453
-0.00980933
0.00197046
0.00848845
0.0222201
0.00579826
-0.0018279
-0.00853621
0.00588244
-0.00785472
-0.00890075
0.0116915
0.0217275
0.0282247
0.0143406
-0.0112393
-0.00544405
0.00618884
-0.00720196
-0.0167038
0.016358
0.0229874
0.0201899
-0.00274812
-0.0202341
-0.0236004
-0.00884463
-0.00931138
-0.00927752
-0.00384551
-0.000866295
0.0203092
0.015121
-0.0252638
-0.033116
-0.0150312
-0.00996624
-0.0134733
-0.00919916
-0.00800039
0.0252863
0.0134026
-0.00831453
0.00414555
0.00603828
-0.00847671
-0.00890206
0.0108008
0.0119545
0.0301222
0.00322378
-0.00125048
-0.00721692
0.00374265
-0.00768358
-0.00966482
-0.000565251
0.0208546
0.0334483
0.0194276
0.0117327
0.0118607
-0.00118447
-0.00294415
-0.0051408
0.00102528
0.0108805
0.00762928
0.017854
0.011877
0.00796828
-0.00216377
0.000404483
-0.00177755
0.00323724
0.00353426
0.00676363
0.0139924
0.0060712
0.0187761
0.0158543
0.00023819
-0.00497992
-0.0138407
-0.0112214
-0.0073946
0.0039776
0.00667327
0.0211346
0.00588208
-0.00666398
-0.00970565
-0.0111965
-0.0095095
-0.00037394
0.00693291
0.0170963
0.00165195
-0.000756256
0.00539596
-0.000654448
0.00204529
0.0118486
0.00406673
0.00825091
0.00780861
0.00120542
-0.00330322
0.00814706
-0.000823766
-0.0012971
0.0111051
0.0123906
0.00417209
0.00568435
0.0267248
0.0106388
0.00153589
-0.00645655
-0.00335387
0.00428982
0.000860425
0.0076515
0.00457053
0.0183405
0.0187462
0.00706558
-0.0060091
-0.00583259
0.00555358
-0.00760606
0.00733939
0.00751575
0.000566977
-0.00183058
0.0045597
0.00649899
0.00641022
0.0113853
0.0177509
0.0236026
0.00758756
0.00615672
0.00240447
0.00174466
0.00421837
0.00449639
0.00160258
-0.00120899
0.00199057
0.00840816
0.0202207
0.018505
0.00651886
0.00215624
-0.000369154
0.00609901
-0.0105124
0.00549462
0.0132679
0.0185051
0.0197294
0.0100105
0.000693338
0.000764873
0.00300346
-0.0220272
0.00185021
0.00877217
0.012513
0.00447647
0.00166357
-0.001092
0.000626271
0.00368821
-0.00529242
-0.002115
0.0079572
0.00254182
-0.00234717
0.00192561
0.00147152
0.00769952
0.0170956
0.0142542
0.0102581
0.0192657
0.0223528
0.0156451
0.00164736
-0.00575241
-0.00127932
-0.00246968
-0.0180317
0.00942616
0.0151133
0.0201267
0.0159445
0.0109482
-0.000833794
0.00786157
0.00796971
-0.000232531
0.0106635
0.0074443
-0.0128151
-0.0133142
-0.00254121
-0.00173321
0.00957675
0.0157325
0.0177669
0.0153104
0.000692432
-0.00190779
-0.00559298
-0.00263797
-0.00652324
0.0111248
0.0211644
0.0229677
0.0154051
0.00521609
0.0197672
0.0129608
0.0136545
0.0021062
0.012281
0.00898011
-0.00375018
0.00958725
0.00489859
0.0196112
0.0220191
0.015536
0.00188761
0.00903889
0.00699168
-0.004246
0.0117522
-0.00509967
0.0145935
0.0116634
-0.00156391
-0.00607591
0.010755
0.0213091
0.0138427
0.00953672
-0.00953065
0.0107302
0.00973029
-0.0010286
0.00387241
0.0221429
0.0193305
0.00621462
-0.00766471
0.0104341
0.0215388
0.0262509
0.0189358
0.00364054
0.00183824
0.00259106
-0.00751155
-0.00538582
0.00050737
0.0220606
0.0303856
0.0128065
0.00530443
0.00996477
0.00407272
-0.0101502
-0.0176619
-0.00695648
0.0140645
0.00930679
0.00188313
0.00348504
0.0178001
0.0118822
-0.000479912
-0.00747963
-0.00170574
0.0184056
0.019543
0.00652614
0.00594728
0.0149359
0.0157515
0.00306555
0.00119038
0.00499123
0.033673
0.0273635
0.00861892
-0.00302103
0.00438996
-0.00341079
-0.0138344
-0.00987318
0.00448846
0.0239452
0.0355264
0.0192501
0.00228854
0.00520561
-0.00267122
-0.0216565
-0.00194987
-0.00773256
0.0139879
0.0186962
0.00764194
0.0101931
0.0181043
0.0171438
4.18776e-05
-0.00786859
-0.000477486
0.0117775
0.0135155
0.00406735
0.00902419
0.0277537
0.0131178
0.00418381
-0.00682227
0.00222077
0.0256292
0.0328374
0.016048
0.00159049
0.00669708
-0.00199738
-0.0172119
-0.00731985
0.00512787
0.0212043
0.0281338
0.0177009
0.000285529
0.00839981
0.0115305
-0.00528182
-0.00958236
-0.00239476
0.00873377
0.0114858
0.000965906
0.00504249
0.0215672
0.0169025
0.0021116
-0.00706294
-0.00405309
0.0162783
0.0114918
0.0063546
0.00906736
0.0180297
0.0169794
0.00330908
-0.012056
0.002901
0.0183962
0.0238983
0.0169921
0.000725349
0.00336553
0.0156762
0.00214016
-0.00564435
-0.003382
0.0166062
0.0254162
0.0243189
0.00291128
0.00478038
0.0125359
0.0112825
0.000232032
-0.014762
0.00483239
0.0144022
0.00772805
0.0090378
0.0124773
0.0124784
0.00831592
-0.00242928
-0.0137468
0.00675209
0.020983
0.0151799
0.010368
0.0154069
0.0157213
0.00581029
-0.00236952
-0.00496956
0.0129118
0.0270588
0.0273506
0.00167332
0.00735842
0.00905837
0.0120367
-0.00227771
-0.00532429
0.0181598
0.0266403
0.0250887
0.00366296
0.0131495
0.0102488
0.000922792
0.00103288
-0.0134161
0.0109635
0.00805468
0.0134267
0.00649126
0.0126658
0.0214869
0.00306151
-0.0067874
-0.00866188
0.00921574
0.00455952
0.0108914
0.0136007
0.0155121
0.0298747
0.0219266
-0.00975829
0.00285263
0.0215387
0.0163285
0.0152997
0.00430419
0.00685588
0.014631
0.000347883
-0.00115856
0.00462027
0.0142098
0.0166638
0.0217234
0.0154887
0.00659219
0.020101
0.0145456
-1.47879e-05
-0.0049226
0.00675185
0.00900113
0.00837742
0.00602593
0.00856085
0.0151425
0.0125659
-0.0110261
-0.0015457
0.00628688
0.0092721
0.00503389
0.00311438
0.00950455
0.0119549
0.0133808
-0.00292102
0.00553
0.0158991
0.020468
0.0168629
0.0093017
0.0033852
0.00802383
0.00571502
0.000651649
0.00431414
0.0137491
0.0270782
0.019704
0.00763362
0.00989127
0.00973511
0.00740263
0.00274407
-0.00956861
0.0120641
0.0137031
0.00678165
0.00313968
0.00809068
0.0116144
0.00992803
-0.00339188
-0.00513891
0.00737143
0.0220757
0.0123123
0.00288747
0.0107457
0.0165402
0.00755316
-0.00985748
0.00500552
0.0265123
0.0306396
0.0143981
0.00295331
0.00170497
0.00329102
-0.00279714
-0.00535759
0.00324974
0.0248373
0.0324551
0.0162469
0.00262132
-0.000226821
0.000546933
-0.00870224
-0.0131099
-0.00684417
0.00356555
0.0170184
0.00233869
-0.00531935
0.00806049
0.0117925
0.0096194
-0.00274803
-0.00954432
0.000738419
0.0221229
0.00447253
-0.00431349
0.010898
0.0127122
0.0128943
-0.00673067
0.000278569
0.0204613
0.0196105
0.0137327
0.00239671
0.00309053
0.00321649
-0.00781478
-0.013605
0.00106129
0.0214607
0.0263039
0.0171153
0.0103933
0.00357744
0.00690609
-0.00371393
-0.0212812
-0.00553116
0.011646
0.0198957
0.00784094
0.0050762
0.0102267
0.00671268
0.0115714
0.00181238
-0.00573563
0.0159035
0.0225514
0.00218163
-0.000276168
0.00220677
0.00967897
0.00931419
0.0104743
0.00118622
0.0306737
0.0258056
0.013333
0.0105282
-0.00175544
-0.00838463
-0.0179136
-0.0167192
-0.00917062
0.0303743
0.0249223
0.0128332
-0.00416546
-0.0137398
-0.0189874
-0.0292906
-0.0198468
0.0144883
0.0218213
0.00746385
0.00105597
-0.0132899
-0.0133231
-0.0179131
-0.00432623
0.0104633
0.0155486
0.0280007
0.00899575
-0.00402666
-0.0147221
-0.0105914
-0.0122292
0.00241235
0.00636347
0.0102782
0.0142462
0.00477306
0.00721162
-0.0215405
-0.00716059
-0.0146753
-0.00692201
0.00560435
0.0110758
0.00793334
0.00525874
-0.00148174
-0.0213669
-0.00820606
-0.00870281
0.000139088
-0.00230029
0.0149157
0.0339351
0.015645
-0.00371887
-0.0139771
-0.00673224
-0.00233453
-0.00229184
-0.00259819
0.00475399
0.0284483
0.0164619
0.000952238
-0.0174282
-0.0103869
-0.0114994
-0.0163279
-0.00177251
0.00941046
0.0191325
0.00591592
-0.0117885
-0.0212556
-0.0118467
-0.00819931
0.00109188
-0.00407108
0.0120257
0.0133273
0.00556616
-0.0126421
-0.0247275
-0.0162014
-0.0167085
-0.00874512
0.00911413
0.0143448
0.033252
0.0171303
0.00561669
-0.00929794
-0.0102825
-0.0127843
-0.0229581
-0.00322618
0.0167523
0.0220303
0.0139136
0.00621501
-0.0133294
-0.0138456
-0.0129112
-0.0300377
0.00268043
0.0140325
0.0149514
0.0155344
0.000183325
-0.0169648
-0.0144383
-0.0177905
-0.0109747
0.00804953
0.00760438
0.00687992
0.00667597
-0.00197247
-0.0231682
-0.0246241
-0.0163017
-0.0175939
-0.00320151
0.0241493
0.0252724
0.00214216
-0.00304055
-0.014772
-0.00855577
-0.00745517
-0.0300157
0.00466491
0.0240816
0.0289453
0.0164864
0.00523107
-0.00793163
-0.00212683
-0.00888973
-0.0164466
0.0119331
0.0143479
0.00939568
0.00312634
-0.0133107
-0.0237556
-0.0152264
-0.00874321
-0.0232531
0.00505008
0.0173178
0.0133214
0.0134969
-0.00655837
-0.0170854
-0.00756472
-0.0102648
-0.0188227
0.0158792
0.018207
0.0287722
0.0233891
0.0101452
-0.00274374
0.00457721
-0.00324857
-0.0155914
0.00227146
0.0131752
0.0267321
0.0186852
0.00816277
-0.00246572
0.00175257
-0.00115417
-0.0137882
-0.000383025
0.00793082
0.0150694
0.00775161
-0.00131316
-0.00493287
-0.00381974
-0.00809286
-0.010454
0.0115174
0.00260667
0.0210843
0.0123105
0.000359507
-0.00105308
-0.00563525
-0.00673871
-0.00960194
-0.00863479
0.0167398
0.0281827
0.0142756
0.0149198
0.000905022
-0.00266088
-0.00439895
-0.0132544
-0.00990207
0.00878103
0.0272897
0.0215961
0.0173567
-0.00111488
-0.00141303
-0.0068632
-0.0130656
-0.0224064
0.00546654
0.0257957
0.0204674
0.00800036
-0.00555974
-0.00902987
-0.00545233
-0.00642647
-0.0065764
-0.000132231
0.024048
0.0209268
0.0125108
-0.00799438
-0.0074659
-0.00503165
-0.0170832
-0.00789396
0.00949513
0.0404349
0.0311544
0.00576089
-0.00967185
-0.00440898
-0.007637
-0.0184477
-0.0227523
0.00920596
0.0390619
0.0406999
0.0123944
-0.0054159
-0.0027467
-0.00768528
-0.0225553
-0.0119482
0.00154155
0.0317848
0.0292152
0.00564312
-0.00927674
-0.0046865
-0.00775811
-0.022344
-0.0161783
0.000542365
0.0252303
0.0279981
0.00557246
-0.00735171
-0.00521675
-0.0123981
-0.0219378
-0.0135462
0.00886563
0.037426
0.0360547
0.00896434
-0.00380754
4.84902e-05
-0.00521695
-0.0191451
-0.0138109
0.00823777
0.0294972
0.039248
0.0146056
-0.0071558
-0.0020082
-0.0026408
-0.00859129
-0.0125676
-0.00113809
0.0210471
0.0228253
0.00233354
-0.00803698
-0.00224351
-0.00915954
-0.0199693
-0.020159
-0.001696
0.0191801
0.0265072
0.00781809
-0.0016537
-0.00171602
-0.0101857
-0.0177195
-0.0173479
0.00347298
0.0250272
0.032482
0.0125304
-0.00977727
-0.00445396
-0.000932998
-0.00566184
-0.0088045
-1.08107e-05
0.0275096
0.0331763
0.0234995
-0.00347591
-0.00291528
-0.000730929
-0.0075171
-0.00456458
0.000681669
0.0241075
0.0223356
0.00654387
-0.00379575
-0.00925652
-0.0135033
-0.0177348
-0.00915535
-0.00138751
0.0262007
0.0283597
-0.00138542
-0.0139101
-0.0144747
-0.0228574
-0.0271852
-0.0126681
0.000595848
0.0183531
0.0348179
0.0253993
-0.00723901
-0.0028955
-0.00340924
-0.00588798
-0.00974214
0.000689327
0.0233369
0.0241557
0.0188774
-0.00850331
-0.000684564
-0.00232208
-0.00308219
0.00400181
-0.000151898
0.0111505
0.0298943
0.00421566
-0.0115774
-0.0137372
-0.0195045
-0.0219856
-0.0129768
0.00166648
0.0103755
0.0164316
0.0104274
-0.00948247
-0.00749359
-0.00391282
-0.00250641
0.0031616
0.00731108
0.0229736
0.0160057
0.0138585
-0.00961826
-0.00626345
-0.000224827
-0.0053114
0.00198624
0.00805727
0.0172714
0.0201064
0.0145009
-0.00400509
-0.0103212
-0.00265399
-0.0030889
-0.00354817
-0.00114103
0.0142706
0.0161935
0.0058544
-0.0102031
-0.00724122
-0.00134061
-0.00351259
0.00301629
0.00256729
0.0207112
0.0215597
-0.000127946
-0.0117068
-0.010408
-0.00630039
-0.00933295
-0.00993237
0.0130178
0.0191098
0.0226432
0.0140081
-0.000162036
-0.00599159
-0.00405224
-0.00718942
-0.000199901
0.00799321
0.024906
0.0330394
0.0203383
0.00123558
-0.00103594
-0.00145083
-0.0077134
0.00839994
0.000498083
0.015314
0.0147443
0.00247428
-0.00778591
-0.0101835
-0.00890367
-0.0142084
-0.0128021
0.00163
0.0175315
0.0146028
0.00314194
-0.0110178
-0.0178655
-0.0157754
-0.0171707
-0.00793597
0.00916722
0.0285794
0.0324188
0.0123587
-0.00582053
-0.00629856
-0.00449858
-0.0102993
0.00390222
0.0122511
0.0384582
0.0333363
0.0126804
0.000877143
-0.00331501
-0.00274616
-0.00701459
-0.00134526
-0.00200665
0.0165295
0.0143143
-0.00534694
-0.0141909
-0.0152034
-0.0162094
-0.0221878
-0.00921199
-0.00331507
0.0103426
0.010963
0.00197689
0.00084472
-0.0068131
-0.0133995
-0.0143418
-0.0140916
0.0130547
0.0380171
0.0260662
0.017158
0.00542379
0.00208237
-0.00167724
-0.00590059
-0.00315886
0.0141492
0.0402718
0.0374098
0.0159107
0.00250986
-0.00448115
-0.0076083
-0.0124082
-0.00476502
0.00485345
0.00687754
0.00391291
0.00509401
0.000379629
-0.00764892
-0.0127083
-0.0105435
-0.0134347
-0.00666367
0.00995416
0.00414386
-0.00929476
-0.0106372
-0.0171474
-0.0186735
-0.0251971
-0.0255547
0.0193669
0.0396455
0.0425863
0.0234843
0.0147818
-0.000851588
-0.00132129
-0.0116176
0.000351069
0.00804683
0.0363693
0.0442276
0.0123243
-0.00643116
-0.0191909
-0.0169537
-0.0282836
-0.0123777
-0.00231772
0.017127
0.0251888
0.000411542
-0.00104874
-0.00662191
-0.00772786
-0.015256
-0.0135972
-0.0181783
0.00153367
0.0113038
-0.010235
-0.0132556
-0.0190528
-0.0140353
-0.0254413
-0.0208882
0.00126455
0.015591
0.0168056
0.00919498
-0.00985779
0.0029883
0.00131521
0.00495877
0.000752596
0.00301336
0.0129919
0.0164474
0.00050281
-0.0172428
-0.00206365
0.000903824
0.0110673
0.00221022
-0.000565119
0.00055287
0.00962879
-0.00167725
-0.0148302
-0.00617455
-0.00212628
-0.00276952
-0.00254232
-0.00729333
-0.00569019
0.00780757
-0.0104238
-0.0189571
-0.00762806
-0.00872463
-0.00859126
0.00418498
0.00411683
0.0108226
0.00600975
-0.0130718
-0.0226776
-0.0114436
-0.00679233
0.00871972
-0.00494589
0.00846111
0.0190502
0.00759898
-0.0110099
-0.0216176
-0.0168762
-0.0133354
-0.00131256
0.00307544
-0.00353423
-0.000140892
0.00298147
-0.0102776
-0.0182581
-0.00832318
-0.00771093
-0.00469436
-0.00109142
-0.000557518
0.00748061
0.0077366
0.00022333
-0.0121119
-0.00850687
-0.00942985
-0.00545734
0.00208138
0.0132522
0.0187484
0.0199429
-0.000196008
-0.0158213
-0.0101745
-0.011323
-0.00279484
0.0106391
0.00598287
0.00315093
0.004258
-0.00470734
-0.0175489
-0.0167772
-0.0131094
-0.00603881
0.00946098
-0.00439949
0.00336463
0.0121139
-3.96733e-05
-0.0100066
-0.00653781
-0.00774936
-0.00871557
0.00576162
-0.0153095
-0.00720093
-0.004267
-0.00558187
-0.00736474
-0.0113886
-0.0169186
-0.0142373
0.00148311
0.0159566
0.0155293
0.00486435
-0.00854153
-0.018038
-0.00791638
-0.00610236
-0.00680916
0.0157704
0.0212497
0.0201851
0.00546423
-0.00597766
-0.0136457
-0.00237739
-0.00617841
-0.0037454
0.0158512
-0.00811912
-0.00749796
-0.00376037
-0.00722923
-0.00944389
-0.0071661
-0.0109272
-0.00764154
0.00305625
0.00391571
-0.00442369
0.00563743
-0.0146837
-0.0122054
-0.0108022
-0.0173221
-0.0116715
-0.00525824
0.011538
0.0210753
0.0105477
-0.00495102
-0.00751226
-0.00698193
-0.0117136
-0.00369698
0.00755813
0.00795038
0.0262405
0.028753
0.00301713
-0.00495912
-0.00603108
-0.00524127
0.00523861
-0.00273155
-0.0037201
0.00432382
0.0132927
-0.0168994
-0.0130141
-0.0131535
-0.0229697
-0.0165984
-0.0120856
-0.000323969
0.00699249
0.0180099
-0.000522665
-0.0144876
-0.0129241
-0.0179259
-0.0207392
-0.0228744
0.0091362
0.0342839
0.0322663
0.00235316
-0.00991519
-0.0092023
-0.00670005
-0.00181603
-0.0100659
0.00928459
0.0297224
0.0327467
0.0064825
-0.0098551
-0.0120926
-0.0113538
-0.00878948
-0.0110487
-0.00191407
0.013856
0.016487
-0.00762179
-0.0224761
-0.0163195
-0.0166408
-0.0157778
-0.0233516
-0.00385672
0.0104621
0.0221227
-0.00770228
-0.0198835
-0.0179917
-0.01808
-0.0160004
-0.0234258
0.0100508
0.0251
0.0289424
0.00638255
-0.00738878
-0.00768948
-0.0084188
-0.0157357
-0.00381331
0.00552414
0.0239399
0.0239673
0.00369854
-0.0052171
-0.00224091
-0.00811533
-0.0141085
-0.00429617
-0.00448805
0.00426796
0.0223
-0.00293852
-0.0104993
-0.00970177
-0.0142911
-0.0178887
-0.0184787
-0.00187761
-0.00154533
0.0123247
-0.00376283
-0.00552571
4.26851e-05
-0.00982542
-0.021125
-0.0146973
0.0112606
0.019699
0.0292681
0.0129964
-0.00318498
0.00289341
-0.00366336
-0.00613545
-0.00149265
0.00980916
0.0165604
0.0254985
0.011283
-0.000205594
0.00124422
-0.00263734
-0.00598318
0.00457455
-0.000817705
-0.00690557
0.0120572
0.0036036
-0.00514903
0.000171595
-0.00186692
-0.0127916
-0.00897031
-0.0115959
-0.010192
0.00848035
0.000448024
-0.00826678
-0.00435038
-0.00553176
-0.0164768
-0.00661794
0.0188677
0.0262934
0.0262273
0.0122232
0.00235085
0.00184883
0.00398035
0.00326583
0.0128936
0.0115087
0.0179973
0.0257996
0.00236633
-0.0097165
0.00394167
-0.00764312
-0.00981892
0.00676611
-0.0131592
-0.00713408
0.00857495
-0.00204397
-0.00754559
-0.00209006
-0.00221011
-0.0109116
-0.00252531
-0.0138487
-0.0124811
-0.00354798
-0.0127501
-0.0142592
-0.00201195
-0.0109919
-0.0182581
-0.0121622
0.0240129
0.0132193
0.0256558
0.014947
0.00246327
0.00493047
-0.00144009
-0.00948539
0.0184164
0.0247801
0.0106375
0.0213492
0.0159591
0.00754748
0.00648344
0.010121
0.00798317
0.0283802
-0.0116858
-0.00696459
-0.00718551
-0.00599083
-0.0062975
-0.000971665
-0.0114723
-0.0169848
-0.0124785
-0.01741
-0.015374
-0.00649978
-0.00335235
-0.000658131
-0.00212128
-0.0115748
-0.0202259
-0.0186905
0.0120235
0.0144693
0.0222986
0.0109862
0.00403257
0.0119113
0.0160876
0.0209646
0.0215796
0.0137471
0.0186896
0.0300791
0.00625905
-0.00165197
0.00849118
0.0155246
0.0151247
0.0120268
-0.0294351
-0.0156669
-0.000684145
-0.00547362
-0.00395743
-0.000925418
-0.00832835
-0.0242089
-0.0270334
-0.0278255
-0.0165436
0.00840884
-0.00172385
-0.00191349
0.00115972
-0.00684441
-0.0186433
-0.0235819
0.0163651
0.0132488
0.025573
0.0124886
0.00383023
0.00480692
0.00938668
0.0145666
0.0131033
0.0156447
0.0103434
0.0257844
0.0088324
-0.000930701
-0.00367063
0.00437271
0.0173309
0.0105026
-0.0147975
-0.0169149
0.00405258
-0.00193944
-0.000769718
0.000268332
-0.00477787
-0.0130763
-0.0131911
-0.0175673
-0.0207668
-0.0114065
-0.00421135
-0.00188479
-0.00264409
-0.00289122
-0.0074436
-0.013461
0.0105512
0.0121288
0.0331653
0.0115759
-0.00271448
0.00378832
0.00712856
0.0143509
0.00804433
0.00607395
0.0220823
0.0285855
0.0155907
0.00481904
0.0107024
0.00587512
0.0159239
0.013615
-0.0178632
-0.0153585
0.00239348
0.000596075
0.00105083
-2.88192e-05
-0.00507668
-0.00422083
-0.0127031
-0.0122641
-0.0154021
0.000105451
-0.00393712
-0.00168124
-0.00116778
-0.00693678
-0.00975282
-0.0135972
0.00936348
0.0112802
0.0269686
0.0235345
0.0167335
0.0081825
0.00395241
0.0152782
0.0175253
0.0035514
0.0162276
0.0185244
0.0108288
0.0105845
0.0054876
0.0011055
-0.000680497
0.00985347
-0.00852605
-0.0192645
-0.00795102
-0.0032396
-0.00158428
-0.000262656
-0.00470412
-0.00837358
-0.0111998
-0.0106966
-0.0224632
-0.0124535
-0.00719183
0.000874475
0.00169763
-0.00261138
-0.0113825
-0.00163938
-0.00146289
0.00856005
0.0229611
0.0112906
0.0104575
0.00592026
0.00826593
0.00433177
0.0167192
-0.00158635
8.23205e-05
0.0175622
0.0102488
0.0108935
0.00100664
0.00640467
-0.00166511
0.0059094
-0.00291603
-0.00931227
-0.00190333
-0.0030592
0.00392195
0.00896157
0.0104956
-0.000830394
0.00811936
-0.00961039
-0.0137656
-0.00541871
9.70416e-05
0.00426643
1.40566e-06
0.00296616
-0.00881905
-0.00518104
-0.00532433
-0.000406547
0.00938018
-0.00369906
-0.0101811
0.000991659
0.0133379
-0.00218198
-0.00571201
-0.0128941
-0.010097
0.0140042
0.00253126
-0.00364206
-0.0025871
0.00652883
-0.000530541
0.00568937
-0.0224404
-0.00791647
0.0187512
0.00538315
-0.00101072
0.00638477
0.0145665
0.00461198
-0.0104984
-0.0262667
-0.00809276
0.0246928
0.0104166
0.00269357
0.0127009
0.0170406
0.0113058
-0.0144547
-0.0119247
-0.00207287
0.0225187
0.0102626
0.00259957
-0.00396971
0.00473599
0.00738203
0.00616761
-0.0140052
-0.0107902
0.0187736
0.0123419
0.00862531
-0.00235318
0.000752354
0.00501355
0.00507241
-0.0324844
-0.0150854
0.0251847
0.0128138
0.00603757
0.00658696
0.0133205
0.00546751
-0.0149112
-0.030611
-0.0236475
0.0122507
0.00698555
0.00723173
-0.0018545
0.0110848
0.00111361
-0.0280103
-0.00366992
-0.0106885
0.0202317
0.00904526
0.0100388
-0.000643357
0.00474844
0.00697407
0.0160449
-0.0139269
-0.0199423
0.0115757
0.000421946
0.00162469
-0.00760018
-0.00259312
-0.000213225
0.011485
-0.0302068
-0.0273822
0.00676827
0.00364637
0.00974059
0.00366522
0.014927
0.0110241
-0.00921604
-0.0252736
-0.0224752
0.0121463
0.00508259
0.0109105
-0.000503951
0.0179059
0.0135479
-0.0152776
-0.010955
-0.0129744
0.0176695
-0.00183215
0.00314632
0.000345519
0.00768307
0.00055394
0.00992783
-0.00112275
0.000891102
0.0197085
0.000516822
0.004359
-0.00435203
-0.00373586
-0.00843795
0.00564111
-0.0255701
-0.00407949
0.0293929
0.00348026
0.00554044
0.000569365
0.0161772
0.0064888
-0.0140665
-0.0207714
-0.00426021
0.0241236
0.00900647
0.00524363
-0.00665016
0.00126426
-0.00942624
-0.0178773
-0.0100282
0.0139845
0.0327695
0.00605061
0.00302619
-0.00254432
-0.0072445
-0.00849942
-0.0073692
-0.013685
0.0149258
0.0282178
0.00815485
-0.000223743
-0.00116231
-0.000639732
-0.0032329
-0.0136417
-0.022881
-0.00456064
0.0247926
0.0178716
0.0046556
-0.00395421
-0.00357996
-0.00896174
-0.0183862
-0.0262832
0.00202089
0.0156726
0.00616713
0.00505293
0.00650293
0.00342437
0.00131435
-0.0212544
-0.00242103
0.0161847
0.0226794
0.00485697
-0.0112349
-0.00734509
-0.00597423
-0.000736664
-0.00904185
-0.00116691
0.0155968
0.0297593
0.00492126
-0.00241203
-0.00569126
-0.00832728
0.000430264
-0.0094742
-0.0125518
0.00295364
0.010456
0.00473517
0.000165908
0.00437738
-0.00309648
-0.00363176
-0.0120865
-0.00891723
-0.00220543
0.0117057
0.00527683
-0.00174141
-0.00341167
-0.00871817
-0.00199802
-0.011522
-0.00701354
0.0013336
0.0259315
0.00859885
0.0105079
0.00376407
-0.00324024
-0.00015047
-0.0158919
-0.0069833
-0.0125555
0.0233142
0.0107316
0.0119001
0.0130973
0.00703697
0.00434752
-0.00116754
-0.0188861
-0.00834577
0.0163893
0.00702909
0.00529943
0.00717645
0.00425166
0.00325143
-0.019813
-0.00907577
-0.0119743
0.0164243
0.0105613
0.00963591
0.0067534
0.00314427
-0.00623269
-0.00962599
-0.00638557
-0.0111213
0.0153975
0.0165107
0.0110431
0.0043965
0.00820937
0.00614551
-0.00294826
-0.0140415
-0.0115059
0.0130999
0.0175537
0.00803317
0.0138978
0.00346047
0.0078191
0.00211157
-0.00957321
-0.00491926
0.0116247
0.0101207
0.00996215
0.0016922
-0.000305398
-0.00157792
-0.0122507
-0.0132944
-0.0217244
0.00144775
0.00915913
0.00942971
0.0138874
0.0076352
0.0069321
-0.0168891
0.00328113
-0.00412667
0.0138522
0.0173019
0.0146546
0.0192704
0.00801597
0.00816981
0.0137057
-0.00935827
-0.0091683
0.0129781
-0.00209313
0.00304057
0.00329675
-0.00714777
-0.00302368
-0.00366891
-0.00633268
-0.00577557
0.00594513
0.0127439
0.0209655
0.0193385
0.0167279
0.0181045
-0.000959197
-0.0256284
-0.0192987
0.00367596
0.000827346
0.0102051
-0.00012
-0.000344526
0.00131924
-0.013629
0.00729988
0.00838097
0.0152927
0.00426256
0.00836379
0.0075291
-0.00357593
-0.00293312
0.00821191
0.00483635
-0.00100624
0.00433247
0.00532487
0.0179815
0.00566258
0.00807037
-0.00421826
0.0071681
-0.015474
-0.0201916
0.0105393
0.00905772
0.00835126
0.00188348
-0.00386368
-0.00753262
-0.00553198
-0.0229504
-0.0277776
0.00182842
0.00239921
0.0198355
0.0129506
0.0099494
-0.00445004
-0.0056274
0.00147903
-0.0062898
0.0139077
0.00688616
0.014813
0.0111202
0.0175382
-0.00834952
0.00527793
-0.00402027
-0.00736983
0.02297
0.0149678
0.025531
0.0124297
0.0148951
-0.00549892
-0.00569731
-0.0196632
-0.0236371
-0.00432555
0.000237255
0.0190407
0.0146729
0.0222857
0.00165258
-0.00618749
-0.0208132
-0.0134827
-0.000406844
0.00753227
0.0187037
0.0139676
0.0175805
-0.00174548
-0.0151941
-0.00505949
-0.00682811
0.0138636
0.0133174
0.0247329
0.0095583
0.0115192
-0.000127266
-0.0103382
0.00147488
-0.0036376
0.00964755
0.0156738
0.0275283
0.0216387
0.0171368
0.00361673
-0.00908232
-0.016604
-0.0137347
0.00450487
0.00784294
0.0250468
0.00667817
0.00754861
0.000343224
-0.0143605
-0.0202478
-0.0117078
0.00562151
0.00971811
0.0247454
0.0193877
0.0165388
0.00376594
-0.0176856
-0.000897582
-0.00216047
0.0165811
0.0160757
0.0333646
0.022994
0.0113072
0.00508038
-0.00188067
-0.00162458
-0.0168901
0.00778724
0.00595283
0.0266064
0.00867414
-0.00523429
-0.00303692
0.000817362
-0.00849016
-0.00857755
0.009977
0.010974
0.0302868
0.0191994
0.00861915
0.00364116
-0.010766
-0.0126716
-0.0184938
1.2575e-05
0.00420472
0.0218932
0.00452442
-0.00985141
-0.0164781
-0.0166092
0.00440112
-0.0118952
0.00404374
0.0108762
0.0234752
0.0111779
0.00127964
-0.00412214
0.00525112
0.00329945
-0.00637861
0.00590201
0.00658246
0.0240771
0.0218063
0.0126009
0.00509553
0.0143613
-0.0225764
-0.0193976
-0.000492912
0.0102653
0.0270881
0.0049423
-0.00545912
-0.0163688
-0.0171133
-0.0202189
-0.0181063
-0.00592666
0.00352782
0.0291931
0.00993727
0.00158277
-0.0132605
-0.0127925
0.000928249
-0.0021953
0.00626279
0.00466434
0.018615
0.0150376
0.0111845
0.00286394
0.000603335
0.00206935
-0.0102435
0.00466548
0.00720006
0.0272383
0.0121353
0.012009
-0.00459723
-0.00665734
-0.0166772
-0.0309116
-0.00306195
-0.00151199
0.0197613
0.00523955
0.000119469
-0.00875677
-0.012768
-0.00446361
-0.0154613
0.00547329
-0.0030256
0.0181264
0.0120622
0.014562
0.00719168
0.0014598
-1.9587
